0.097 93.7625 104.24258316960288 2
0.097 93.7625 104.24258316960288 3
0.097 84.38125 101.33490019921099 4
0.1061875 86.7265625 108.18039601531606 5
0.115375 89.071875 117.41544792064121 6
0.11078125 85.55390625000001 119.17600791357931 8
0.1142265625 85.8470703125 119.76849377102067 9
0.1188203125 79.9837890625 118.31283974354889 11
0.11910742187500001 83.13530273437499 122.79241325421759 15
0.1206865234375 81.70612792968748 121.9360775698841 16
0.12240917968750001 81.85270996093747 124.32659469714886 18
0.12563916015625 79.7822387695312 126.12613574970314 19
0.12886914062500002 77.71176757812495 130.59813404677348 20
0.12886914062500002 77.71176757812495 130.59813404677348 21
0.127971923828125 77.24453735351557 131.65045185963055 23
0.12733489990234376 77.28805389404292 130.75068943820497 25
0.12762425231933594 77.53254814147944 131.4298909031296 26
0.12791360473632812 77.77704238891596 131.73260589836693 27
0.12831959533691406 76.9565265655517 131.2668913118583 29
0.12804426193237306 77.3056609153747 131.68209936147508 31
0.12791009998321534 77.62863523960108 131.74077920974673 33
0.1280142261981964 77.53481164574617 131.7568154847137 34
0.12816240715980529 77.80546591877932 131.718880780256 36
0.12806228512525558 77.69359468072648 131.7639001526973 38
0.12801322515308855 77.58623535372311 131.76383791136004 40
0.12799795702472327 77.71366664590309 131.76460157718358 42
0.12803393810708075 77.6717728402698 131.76731154158284 44
0.1280145863594953 77.63947754840478 131.7673535856689 46
0.12801110962900564 77.68464592012019 131.76709530522385 48
0.12802339305066562 77.66691728726613 131.76766983505217 50
0.12801591884966546 77.65762957604898 131.76766742064572 52
0.12802108033702553 77.65854468358044 131.7677115156681 54
0.12801809754828558 77.66995970469463 131.76763033431135 56
0.1280177538961605 77.66094088509325 131.76769660620278 58
0.12801950302962428 77.6619974892372 131.767708234211 59
0.12802160610615926 77.65739374836153 131.76770659901138 61
0.1280201172845258 77.65943146776337 131.7677125996386 63
0.12802105692921528 77.66073335072178 131.76771321560253 65
0.1280210966065149 77.65873807880206 131.76771191296754 67
0.12802059702619545 77.65958359126265 131.7677133698328 69
0.12802038225484574 77.66026843344119 131.7677133902238 71
0.12802057835216804 77.66001688775553 131.76771357319095 72
0.12802093319875782 77.66038038936996 131.76771352275063 74
0.12802070675113236 77.66026152498416 131.76771361941127 76
0.1280207972122177 77.66004314962348 131.76771361115266 78
0.1280207217788279 77.66011432862612 131.7677136272741 80
0.12802079352902185 77.66024614940986 131.76771361654568 82
-------------
0.1175 115.0 110.15955529599637 1
0.1175 115.0 110.15955529599637 2
0.10075 115.0 95.0252188100259 3
0.1175 100.61875 114.67522667727685 4
0.1175 100.61875 114.67522667727685 5
0.11331250000000001 95.22578125000001 117.58533871929613 6
0.11331250000000001 80.84453125000002 114.82107739149446 8
0.11435937500000001 89.3833984375 119.09046301251479 9
0.118546875 94.7763671875 123.96458673025899 10
0.1216875 91.63046875 122.87169317001502 12
0.1216875 91.63046875 122.87169317001502 14
0.1216875 91.63046875 122.87169317001502 15
0.12351953125 95.78754882812498 125.9699322812634 16
0.12770703125 101.18051757812498 125.98063734807491 19
0.126791015625 99.10197753906249 127.14852475790364 20
0.12551513671874998 97.23410034179686 131.4313810748693 22
0.12551513671874998 97.23410034179686 131.4313810748693 24
0.12542108154296872 96.63546676635741 132.74032925166267 26
0.1257809448242187 96.42480392456054 134.1859170016608 27
0.12614080810546868 96.21414108276366 134.89874969001474 28
0.12604675292968742 95.61550750732421 135.47931350418062 30
0.12600381469726557 95.96749000549315 135.3348168123122 32
0.12626297760009758 95.89748849868774 135.23881484405268 34
0.12609007453918447 95.77399837970734 135.4976973232326 36
0.12597483777999868 95.73421108126641 135.4772606039505 38
0.12603238427638996 95.65839097350836 135.4981032628875 40
0.12604684278368938 95.73514970354736 135.51129786964904 42
0.12604684278368938 95.73514970354736 135.51129786964904 44
0.1260594220943748 95.70659983535297 135.50954348877565 46
0.12603017904702563 95.71818273967365 135.5092884234856 48
0.1260458216771948 95.72377049553033 135.511381874885 49
0.12606146430736398 95.72935825138701 135.51060548653152 51
0.12605330262344785 95.72277130411966 135.51129226693857 53
0.12605228330896343 95.73250377531984 135.5113688329493 55
0.12605134774267926 95.72735075444187 135.51144493015101 56
0.1260455668485737 95.72620361333037 135.51140377586054 58
0.12604869118719753 95.72806543910562 135.51147560104053 60
0.12605080054959433 95.72817355321756 135.5114589830424 62
0.12604976572088164 95.72726966885793 135.51147246708018 64
0.12604944745624636 95.72959317967901 135.51146788037696 66
0.12604940759505895 95.72847440277695 135.51147482420498 68
0.12604936773387154 95.72735562587489 135.5114752308407 70
0.12604879068395008 95.72804394985138 135.51147599077464 72
0.12604924340198487 95.72808709532005 135.51147615021756 74
0.1260491923884195 95.7277105742303 135.51147634177906 76
0.1260490042895761 95.72797139231328 135.5114764497038 78
0.1260490741618333 95.72779996459708 135.51147650675432 80
0.1260489975804759 95.72788751670952 135.51147649150343 82
0.12604910337082298 95.72790388997461 135.5114764841409 84
0.12604906231874136 95.72784783396958 135.51147651241305 85
-------------
0.113 81.2625 115.69435238462728 2
0.113 81.2625 115.69435238462728 3
0.113 89.39375000000001 120.34403921325391 4
0.113 93.45937500000001 119.24104921539931 6
0.113 93.45937500000001 119.24104921539931 7
0.11809375 90.41015625000001 122.54742266720862 8
0.1231875 87.36093750000002 124.3361494633159 9
0.120640625 89.90195312500002 118.65600164478624 11
0.12255078125 89.01259765625002 124.85336976650075 12
0.12446093750000001 88.12324218750003 124.35337010036037 13
0.12637109375 87.23388671875003 125.34715504999816 14
0.12637109375 87.23388671875003 125.34715504999816 18
0.12668945312500002 88.44086914062503 125.6957303485992 19
0.12740576171875 89.12376708984377 127.23900003187396 20
0.12772412109375003 90.33074951171876 128.12598427849682 22
0.1273460693359375 90.42206726074221 128.13569861815824 24
0.1274505310058594 90.18285446166993 128.23618062288574 26
0.127730339050293 90.70371303558352 127.97711424597405 28
0.12746825218200686 90.43267550468447 128.1066879395626 29
0.12720616531372073 90.16163797378542 128.2232317221595 31
0.12720616531372073 90.16163797378542 128.2232317221595 33
0.12733277845382693 90.23470147848131 128.2242210008823 35
0.12727854621410373 90.18343993127348 128.23188833436606 36
0.1273148435354233 90.12452075183394 128.24144964769485 38
0.12740537309646607 90.11686311960223 128.24808748554798 40
0.12745971220731736 90.09830450862648 128.25003546591017 41
0.12749600952863693 90.03938532918694 128.25082394837423 43
0.12746427609026434 90.07348457165065 128.25124391327844 45
0.12747449139133096 90.05254979254681 128.25128525320457 47
0.12746117849741131 90.0643657190027 128.25133631104194 49
0.12748246600409038 90.06327408990475 128.2513055515237 51
0.1274731568210409 90.05818484850026 128.2513604854183 53
0.1274694949549885 90.0625475941026 128.25137299481918 55
0.12747689594605255 90.0618201556031 128.25135954261924 57
0.1274731761357807 90.06018436167656 128.25137080979238 59
0.12747226549795257 90.06177492637121 128.25137360571162 60
0.12746857144066714 90.06280515001308 128.2513714932773 62
0.1274706461287669 90.06189239701848 128.25137397660126 64
0.12747197448538466 90.0616054734462 128.25137383054522 66
0.12747126923048924 90.06199011905042 128.25137407880845 68
0.127471216146525 90.06136272899722 128.2513737696286 70
0.1274716085869459 90.06164094873502 128.2513739912588 72
0.12747134079861236 90.06174597895827 128.25137406869501 74
0.1274712453744482 90.06207149908114 128.2513740549219 76
0.12747109224528014 90.06198751168715 128.25137409177535 78
0.12747125480423827 90.06188774217121 128.25137409390035 80
-------------
0.097 75.0 102.57070199260771 5
0.12298017244517605 75.00000213707716 119.44409595790117 15
0.12117491152206121 75.00000255348314 121.47058149600366 30
0.12145223950197512 75.00000302404769 121.52241305663227 40
0.12145301462713225 75.00000413579802 121.52241352763089 55
0.12254317446086764 92.01218167576955 123.26635052366642 135
0.12234482985008702 89.87859167799874 125.55671685227698 155
0.12236144769303496 90.00842205604624 125.56864229808183 165
0.12243467245324119 89.98251448289345 125.57979813326138 175
0.12242588245266502 89.97131704914644 125.58010002714475 185
0.12242555402389028 89.97187828100407 125.58010064472606 200
0.12242555666023631 89.97188168019093 125.58010064466451 215
0.1224255566603245 89.97188168005428 125.5801006446645 225
0.12242555666032623 89.97188168003632 125.58010064466454 235
-------------
0.084 115.0 87.5294231561984 5
0.08370505633305994 114.9999993312636 87.64026884543982 20
0.08379719893930178 114.99999896105363 87.6646768547502 35
0.08379608811419198 114.9999980600253 87.66468053435443 50
0.08463556678605455 113.29991566384676 88.9360812996753 105
0.08443564404659437 112.53265377108346 89.55384061447987 115
0.08410319461117384 113.30918665022571 90.20916056429095 130
0.08393919556889061 113.59627501287467 90.42002772758254 140
0.08382668962123052 113.73230002094219 90.511010709912 150
0.08362317096792451 113.68779105002042 90.626415381024 165
0.08365153166802423 113.50021248201028 90.6757913460575 180
0.08364771020387643 113.5056310635618 90.67588233388523 190
0.08364762455243548 113.50550178114091 90.67588237327271 205
0.08364762449291895 113.50550186839396 90.67588237327097 220
0.0836476244929156 113.50550186839361 90.67588237327097 235
-------------
0.113 65.0 102.1474670039805 5
0.12464020878815361 65.00000592687516 110.58486666181271 15
0.12339881896670064 65.00000573650424 111.64590323125411 35
0.12371928402210182 65.00000581464498 111.75104403197241 50
0.1237536956779825 65.0000058262403 111.75225496382339 60
0.12375402480362746 65.00000582930137 111.75225508035001 70
0.12375763523088222 65.00572066734124 111.75227235065711 125
0.12237320995975492 78.94016900345976 123.99384730221509 160
0.12803236862453338 78.9401758521151 130.6309839058089 180
0.12798149651202986 78.94017564014695 130.63642453750367 195
0.12798525850284004 78.94017534808059 130.63645953672932 210
0.12813747491168748 77.40301467827794 131.6946532939348 270
0.12804394511099088 77.67979292757117 131.76649457586 280
0.12802165042505567 77.66026689512896 131.7677120741472 295
0.12802073556666466 77.66017725218644 131.76771362836138 305
0.12802073582780543 77.66015655709147 131.76771362866114 315
0.12802073582893156 77.66015655724954 131.76771362866114 330
