NM
0.097 93.7625 104.242583169602882
0.097 93.7625 104.242583169602883
0.097 84.38125 101.334900199210994
0.1061875 86.7265625 108.180396015316065
0.115375 89.071875 117.415447920641216
0.11078125 85.55390625000001 119.176007913579318
0.1142265625 85.8470703125 119.768493771020679
0.1188203125 79.9837890625 118.3128397435488911
0.11910742187500001 83.13530273437499 122.7924132542175915
0.1206865234375 81.70612792968748 121.936077569884116
0.12240917968750001 81.85270996093747 124.3265946971488618
0.12563916015625 79.7822387695312 126.1261357497031419
0.12886914062500002 77.71176757812495 130.5981340467734820
0.12886914062500002 77.71176757812495 130.5981340467734821
0.127971923828125 77.24453735351557 131.6504518596305523
0.12733489990234376 77.28805389404292 130.7506894382049725
0.12762425231933594 77.53254814147944 131.429890903129626
0.12791360473632812 77.77704238891596 131.7326058983669327
0.12831959533691406 76.9565265655517 131.266891311858329
0.12804426193237306 77.3056609153747 131.6820993614750831
0.12791009998321534 77.62863523960108 131.7407792097467333
0.1280142261981964 77.53481164574617 131.756815484713734
0.12816240715980529 77.80546591877932 131.71888078025636
0.12806228512525558 77.69359468072648 131.763900152697338
0.12801322515308855 77.58623535372311 131.7638379113600440
0.12799795702472327 77.71366664590309 131.7646015771835842
0.12803393810708075 77.6717728402698 131.7673115415828444
0.1280145863594953 77.63947754840478 131.767353585668946
0.12801110962900564 77.68464592012019 131.7670953052238548
0.12802339305066562 77.66691728726613 131.7676698350521750
0.12801591884966546 77.65762957604898 131.7676674206457252
0.12802108033702553 77.65854468358044 131.767711515668154
0.12801809754828558 77.66995970469463 131.7676303343113556
0.1280177538961605 77.66094088509325 131.7676966062027858
0.12801950302962428 77.6619974892372 131.76770823421159
0.12802160610615926 77.65739374836153 131.7677065990113861
0.1280201172845258 77.65943146776337 131.767712599638663
0.12802105692921528 77.66073335072178 131.7677132156025365
0.1280210966065149 77.65873807880206 131.7677119129675467
0.12802059702619545 77.65958359126265 131.767713369832869
0.12802038225484574 77.66026843344119 131.767713390223871
0.12802057835216804 77.66001688775553 131.7677135731909572
0.12802093319875782 77.66038038936996 131.7677135227506374
0.12802070675113236 77.66026152498416 131.7677136194112776
0.1280207972122177 77.66004314962348 131.7677136111526678
0.1280207217788279 77.66011432862612 131.767713627274180
0.12802079352902185 77.66024614940986 131.7677136165456882
-------------
0.1175 115.0 110.159555295996371
0.1175 115.0 110.159555295996372
0.10075 115.0 95.02521881002593
0.1175 100.61875 114.675226677276854
0.1175 100.61875 114.675226677276855
0.11331250000000001 95.22578125000001 117.585338719296136
0.11331250000000001 80.84453125000002 114.821077391494468
0.11435937500000001 89.3833984375 119.090463012514799
0.118546875 94.7763671875 123.9645867302589910
0.1216875 91.63046875 122.8716931700150212
0.1216875 91.63046875 122.8716931700150214
0.1216875 91.63046875 122.8716931700150215
0.12351953125 95.78754882812498 125.969932281263416
0.12770703125 101.18051757812498 125.9806373480749119
0.126791015625 99.10197753906249 127.1485247579036420
0.12551513671874998 97.23410034179686 131.431381074869322
0.12551513671874998 97.23410034179686 131.431381074869324
0.12542108154296872 96.63546676635741 132.7403292516626726
0.1257809448242187 96.42480392456054 134.185917001660827
0.12614080810546868 96.21414108276366 134.8987496900147428
0.12604675292968742 95.61550750732421 135.4793135041806230
0.12600381469726557 95.96749000549315 135.334816812312232
0.12626297760009758 95.89748849868774 135.2388148440526834
0.12609007453918447 95.77399837970734 135.497697323232636
0.12597483777999868 95.73421108126641 135.477260603950538
0.12603238427638996 95.65839097350836 135.498103262887540
0.12604684278368938 95.73514970354736 135.5112978696490442
0.12604684278368938 95.73514970354736 135.5112978696490444
0.1260594220943748 95.70659983535297 135.5095434887756546
0.12603017904702563 95.71818273967365 135.509288423485648
0.1260458216771948 95.72377049553033 135.51138187488549
0.12606146430736398 95.72935825138701 135.5106054865315251
0.12605330262344785 95.72277130411966 135.5112922669385753
0.12605228330896343 95.73250377531984 135.511368832949355
0.12605134774267926 95.72735075444187 135.5114449301510156
0.1260455668485737 95.72620361333037 135.5114037758605458
0.12604869118719753 95.72806543910562 135.5114756010405360
0.12605080054959433 95.72817355321756 135.511458983042462
0.12604976572088164 95.72726966885793 135.5114724670801864
0.12604944745624636 95.72959317967901 135.5114678803769666
0.12604940759505895 95.72847440277695 135.5114748242049868
0.12604936773387154 95.72735562587489 135.511475230840770
0.12604879068395008 95.72804394985138 135.5114759907746472
0.12604924340198487 95.72808709532005 135.5114761502175674
0.1260491923884195 95.7277105742303 135.5114763417790676
0.1260490042895761 95.72797139231328 135.511476449703878
0.1260490741618333 95.72779996459708 135.5114765067543280
0.1260489975804759 95.72788751670952 135.5114764915034382
0.12604910337082298 95.72790388997461 135.511476484140984
0.12604906231874136 95.72784783396958 135.5114765124130585
-------------
0.113 81.2625 115.694352384627282
0.113 81.2625 115.694352384627283
0.113 89.39375000000001 120.344039213253914
0.113 93.45937500000001 119.241049215399316
0.113 93.45937500000001 119.241049215399317
0.11809375 90.41015625000001 122.547422667208628
0.1231875 87.36093750000002 124.33614946331599
0.120640625 89.90195312500002 118.6560016447862411
0.12255078125 89.01259765625002 124.8533697665007512
0.12446093750000001 88.12324218750003 124.3533701003603713
0.12637109375 87.23388671875003 125.3471550499981614
0.12637109375 87.23388671875003 125.3471550499981618
0.12668945312500002 88.44086914062503 125.695730348599219
0.12740576171875 89.12376708984377 127.2390000318739620
0.12772412109375003 90.33074951171876 128.1259842784968222
0.1273460693359375 90.42206726074221 128.1356986181582424
0.1274505310058594 90.18285446166993 128.2361806228857426
0.127730339050293 90.70371303558352 127.9771142459740528
0.12746825218200686 90.43267550468447 128.106687939562629
0.12720616531372073 90.16163797378542 128.223231722159531
0.12720616531372073 90.16163797378542 128.223231722159533
0.12733277845382693 90.23470147848131 128.224221000882335
0.12727854621410373 90.18343993127348 128.2318883343660636
0.1273148435354233 90.12452075183394 128.2414496476948538
0.12740537309646607 90.11686311960223 128.2480874855479840
0.12745971220731736 90.09830450862648 128.2500354659101741
0.12749600952863693 90.03938532918694 128.2508239483742343
0.12746427609026434 90.07348457165065 128.2512439132784445
0.12747449139133096 90.05254979254681 128.2512852532045747
0.12746117849741131 90.0643657190027 128.2513363110419449
0.12748246600409038 90.06327408990475 128.251305551523751
0.1274731568210409 90.05818484850026 128.251360485418353
0.1274694949549885 90.0625475941026 128.2513729948191855
0.12747689594605255 90.0618201556031 128.2513595426192457
0.1274731761357807 90.06018436167656 128.2513708097923859
0.12747226549795257 90.06177492637121 128.2513736057116260
0.12746857144066714 90.06280515001308 128.251371493277362
0.1274706461287669 90.06189239701848 128.2513739766012664
0.12747197448538466 90.0616054734462 128.2513738305452266
0.12747126923048924 90.06199011905042 128.2513740788084568
0.127471216146525 90.06136272899722 128.251373769628670
0.1274716085869459 90.06164094873502 128.251373991258872
0.12747134079861236 90.06174597895827 128.2513740686950174
0.1274712453744482 90.06207149908114 128.251374054921976
0.12747109224528014 90.06198751168715 128.2513740917753578
0.12747125480423827 90.06188774217121 128.2513740939003580
-------------
LBFGS-A
0.097 75.0 102.570701992607715
0.12298017244517605 75.00000213707716 119.4440959579011715
0.12117491152206121 75.00000255348314 121.4705814960036630
0.12145223950197512 75.00000302404769 121.5224130566322740
0.12145301462713225 75.00000413579802 121.5224135276308955
0.12254317446086764 92.01218167576955 123.26635052366642135
0.12234482985008702 89.87859167799874 125.55671685227698155
0.12236144769303496 90.00842205604624 125.56864229808183165
0.12243467245324119 89.98251448289345 125.57979813326138175
0.12242588245266502 89.97131704914644 125.58010002714475185
0.12242555402389028 89.97187828100407 125.58010064472606200
0.12242555666023631 89.97188168019093 125.58010064466451215
0.1224255566603245 89.97188168005428 125.5801006446645225
0.12242555666032623 89.97188168003632 125.58010064466454235
0.084 115.0 87.52942315619845
0.08370505633305994 114.9999993312636 87.6402688454398220
0.08379719893930178 114.99999896105363 87.664676854750235
0.08379608811419198 114.9999980600253 87.6646805343544350
0.08463556678605455 113.29991566384676 88.9360812996753105
0.08443564404659437 112.53265377108346 89.55384061447987115
0.08410319461117384 113.30918665022571 90.20916056429095130
0.08393919556889061 113.59627501287467 90.42002772758254140
0.08382668962123052 113.73230002094219 90.511010709912150
0.08362317096792451 113.68779105002042 90.626415381024165
0.08365153166802423 113.50021248201028 90.6757913460575180
0.08364771020387643 113.5056310635618 90.67588233388523190
0.08364762455243548 113.50550178114091 90.67588237327271205
0.08364762449291895 113.50550186839396 90.67588237327097220
0.0836476244929156 113.50550186839361 90.67588237327097235
0.113 65.0 102.14746700398055
0.12464020878815361 65.00000592687516 110.5848666618127115
0.12339881896670064 65.00000573650424 111.6459032312541135
0.12371928402210182 65.00000581464498 111.7510440319724150
0.1237536956779825 65.0000058262403 111.7522549638233960
0.12375402480362746 65.00000582930137 111.7522550803500170
0.12375763523088222 65.00572066734124 111.75227235065711125
0.12237320995975492 78.94016900345976 123.99384730221509160
0.12803236862453338 78.9401758521151 130.6309839058089180
0.12798149651202986 78.94017564014695 130.63642453750367195
0.12798525850284004 78.94017534808059 130.63645953672932210
0.12813747491168748 77.40301467827794 131.6946532939348270
0.12804394511099088 77.67979292757117 131.76649457586280
0.12802165042505567 77.66026689512896 131.7677120741472295
0.12802073556666466 77.66017725218644 131.76771362836138305
0.12802073582780543 77.66015655709147 131.76771362866114315
0.12802073582893156 77.66015655724954 131.76771362866114330
