10.7259
10.8226
10.8339
10.8936
11.2025
11.3532
11.428
12.3125
13.06
14.4662
15.0954
16.3665
17.3804
20.6126
22.9118
25.8085
29.0957
32.298
37.4204
41.9186
45.9245
50.3982
52.516
63.7787
67.3074
73.8027
81.3726
87.8797
96.3226
104.61
105.691
113.418
119.719
124.128
127.758
130.607
130.471
130.841
131.776
131.91
131.721
132.315
134.45
137.428
137.873
138.409
136.232
135.54
135.789
134.543
133.931
133.357
133.832
132.732
131.552
129.887
129.406
124.982
123.382
121.634
117.542
111.519
106.211
101.241
95.0131
82.8377
82.5876
69.929
64.169
61.4292
55.6781
50.5861
43.2453
39.605
34.8904
32.4143
28.7871
24.8153
21.051
19.9081
17.1375
16.3345
15.3486
14.7425
13.4738
12.0175
11.1868
10.7377
10.9085
10.8936
10.7259
