17.0482
17.7775
18.7959
19.1069
19.6013
19.9189
20.4323
21.0023
21.2838
22.5224
24.3415
25.7957
26.0132
28.9506
33.6636
35.4129
42.3595
44.4503
51.7811
60.6687
69.8899
79.4146
83.3147
89.0265
91.0065
97.7549
98.3404
103.755
106.774
109.086
112.635
113.472
115.215
122.267
123.654
125.162
125.936
128.323
129.641
135.338
135.69
130.924
128.937
126.408
125.791
128.336
128.925
129.365
130.801
131.328
130.606
126.812
125.3953
123.396
120.076
119.757
120.377
119.824
111.72
107.72
104.446
96.836
87.9167
82.5114
72.5562
66.7112
65.0329
57.5901
54.9135
51.9423
48.9852
47.8582
47.1788
44.7484
42.7212
41.4936
40.8728
37.1558
33.7198
31.0927
27.924
26.5392
25.2442
24.449
22.3588
20.0817
17.8897
17.5237
17.2758
17.1758
17.0482
