0.097 75.0 102.57070199260771 0
0.097 93.7625 104.24258316960288 2
0.097 93.7625 104.24258316960288 3
0.097 84.38125 101.33490019921099 4
0.1061875 86.7265625 108.18039601531606 5
0.115375 89.071875 117.41544792064121 6
0.11078125 85.55390625000001 119.17600791357931 8
0.1142265625 85.8470703125 119.76849377102067 9
0.1188203125 79.9837890625 118.31283974354889 11
0.11910742187500001 83.13530273437499 122.79241325421759 15
0.1206865234375 81.70612792968748 121.9360775698841 16
0.12240917968750001 81.85270996093747 124.32659469714886 18
0.12563916015625 79.7822387695312 126.12613574970314 19
0.12886914062500002 77.71176757812495 130.59813404677348 20
0.12886914062500002 77.71176757812495 130.59813404677348 21
0.127971923828125 77.24453735351557 131.65045185963055 23
0.12733489990234376 77.28805389404292 130.75068943820497 25
0.12762425231933594 77.53254814147944 131.4298909031296 26
0.12791360473632812 77.77704238891596 131.73260589836693 27
0.12831959533691406 76.9565265655517 131.2668913118583 29
0.12804426193237306 77.3056609153747 131.68209936147508 31
0.12791009998321534 77.62863523960108 131.74077920974673 33
0.1280142261981964 77.53481164574617 131.7568154847137 34
0.12816240715980529 77.80546591877932 131.718880780256 36
0.12806228512525558 77.69359468072648 131.7639001526973 38
0.12801322515308855 77.58623535372311 131.76383791136004 40
0.12799795702472327 77.71366664590309 131.76460157718358 42
0.12803393810708075 77.6717728402698 131.76731154158284 44
0.1280145863594953 77.63947754840478 131.7673535856689 46
0.12801110962900564 77.68464592012019 131.76709530522385 48
0.12802339305066562 77.66691728726613 131.76766983505217 50
0.12801591884966546 77.65762957604898 131.76766742064572 52
0.12802108033702553 77.65854468358044 131.7677115156681 54
0.12801809754828558 77.66995970469463 131.76763033431135 56
0.1280177538961605 77.66094088509325 131.76769660620278 58
0.12801950302962428 77.6619974892372 131.767708234211 59
0.12802160610615926 77.65739374836153 131.76770659901138 61
0.1280201172845258 77.65943146776337 131.7677125996386 63
0.12802105692921528 77.66073335072178 131.76771321560253 65
0.1280210966065149 77.65873807880206 131.76771191296754 67
0.12802059702619545 77.65958359126265 131.7677133698328 69
0.12802038225484574 77.66026843344119 131.7677133902238 71
0.12802057835216804 77.66001688775553 131.76771357319095 72
0.12802093319875782 77.66038038936996 131.76771352275063 74
0.12802070675113236 77.66026152498416 131.76771361941127 76
0.1280207972122177 77.66004314962348 131.76771361115266 78
0.1280207217788279 77.66011432862612 131.7677136272741 80
0.12802079352902185 77.66024614940986 131.76771361654568 82
