0.084 115.0 87.5294231561984 0
0.1175 115.0 110.15955529599637 1
0.1175 115.0 110.15955529599637 2
0.10075 115.0 95.0252188100259 3
0.1175 100.61875 114.67522667727685 4
0.1175 100.61875 114.67522667727685 5
0.11331250000000001 95.22578125000001 117.58533871929613 6
0.11331250000000001 80.84453125000002 114.82107739149446 8
0.11435937500000001 89.3833984375 119.09046301251479 9
0.118546875 94.7763671875 123.96458673025899 10
0.1216875 91.63046875 122.87169317001502 12
0.1216875 91.63046875 122.87169317001502 14
0.1216875 91.63046875 122.87169317001502 15
0.12351953125 95.78754882812498 125.9699322812634 16
0.12770703125 101.18051757812498 125.98063734807491 19
0.126791015625 99.10197753906249 127.14852475790364 20
0.12551513671874998 97.23410034179686 131.4313810748693 22
0.12551513671874998 97.23410034179686 131.4313810748693 24
0.12542108154296872 96.63546676635741 132.74032925166267 26
0.1257809448242187 96.42480392456054 134.1859170016608 27
0.12614080810546868 96.21414108276366 134.89874969001474 28
0.12604675292968742 95.61550750732421 135.47931350418062 30
0.12600381469726557 95.96749000549315 135.3348168123122 32
0.12626297760009758 95.89748849868774 135.23881484405268 34
0.12609007453918447 95.77399837970734 135.4976973232326 36
0.12597483777999868 95.73421108126641 135.4772606039505 38
0.12603238427638996 95.65839097350836 135.4981032628875 40
0.12604684278368938 95.73514970354736 135.51129786964904 42
0.12604684278368938 95.73514970354736 135.51129786964904 44
0.1260594220943748 95.70659983535297 135.50954348877565 46
0.12603017904702563 95.71818273967365 135.5092884234856 48
0.1260458216771948 95.72377049553033 135.511381874885 49
0.12606146430736398 95.72935825138701 135.51060548653152 51
0.12605330262344785 95.72277130411966 135.51129226693857 53
0.12605228330896343 95.73250377531984 135.5113688329493 55
0.12605134774267926 95.72735075444187 135.51144493015101 56
0.1260455668485737 95.72620361333037 135.51140377586054 58
0.12604869118719753 95.72806543910562 135.51147560104053 60
0.12605080054959433 95.72817355321756 135.5114589830424 62
0.12604976572088164 95.72726966885793 135.51147246708018 64
0.12604944745624636 95.72959317967901 135.51146788037696 66
0.12604940759505895 95.72847440277695 135.51147482420498 68
0.12604936773387154 95.72735562587489 135.5114752308407 70
0.12604879068395008 95.72804394985138 135.51147599077464 72
0.12604924340198487 95.72808709532005 135.51147615021756 74
0.1260491923884195 95.7277105742303 135.51147634177906 76
0.1260490042895761 95.72797139231328 135.5114764497038 78
0.1260490741618333 95.72779996459708 135.51147650675432 80
0.1260489975804759 95.72788751670952 135.51147649150343 82
0.12604910337082298 95.72790388997461 135.5114764841409 84
0.12604906231874136 95.72784783396958 135.51147651241305 85
