0.113 65.0 102.1474670039805 0
0.113 81.2625 115.69435238462728 2
0.113 81.2625 115.69435238462728 3
0.113 89.39375000000001 120.34403921325391 4
0.113 93.45937500000001 119.24104921539931 6
0.113 93.45937500000001 119.24104921539931 7
0.11809375 90.41015625000001 122.54742266720862 8
0.1231875 87.36093750000002 124.3361494633159 9
0.120640625 89.90195312500002 118.65600164478624 11
0.12255078125 89.01259765625002 124.85336976650075 12
0.12446093750000001 88.12324218750003 124.35337010036037 13
0.12637109375 87.23388671875003 125.34715504999816 14
0.12637109375 87.23388671875003 125.34715504999816 18
0.12668945312500002 88.44086914062503 125.6957303485992 19
0.12740576171875 89.12376708984377 127.23900003187396 20
0.12772412109375003 90.33074951171876 128.12598427849682 22
0.1273460693359375 90.42206726074221 128.13569861815824 24
0.1274505310058594 90.18285446166993 128.23618062288574 26
0.127730339050293 90.70371303558352 127.97711424597405 28
0.12746825218200686 90.43267550468447 128.1066879395626 29
0.12720616531372073 90.16163797378542 128.2232317221595 31
0.12720616531372073 90.16163797378542 128.2232317221595 33
0.12733277845382693 90.23470147848131 128.2242210008823 35
0.12727854621410373 90.18343993127348 128.23188833436606 36
0.1273148435354233 90.12452075183394 128.24144964769485 38
0.12740537309646607 90.11686311960223 128.24808748554798 40
0.12745971220731736 90.09830450862648 128.25003546591017 41
0.12749600952863693 90.03938532918694 128.25082394837423 43
0.12746427609026434 90.07348457165065 128.25124391327844 45
0.12747449139133096 90.05254979254681 128.25128525320457 47
0.12746117849741131 90.0643657190027 128.25133631104194 49
0.12748246600409038 90.06327408990475 128.2513055515237 51
0.1274731568210409 90.05818484850026 128.2513604854183 53
0.1274694949549885 90.0625475941026 128.25137299481918 55
0.12747689594605255 90.0618201556031 128.25135954261924 57
0.1274731761357807 90.06018436167656 128.25137080979238 59
0.12747226549795257 90.06177492637121 128.25137360571162 60
0.12746857144066714 90.06280515001308 128.2513714932773 62
0.1274706461287669 90.06189239701848 128.25137397660126 64
0.12747197448538466 90.0616054734462 128.25137383054522 66
0.12747126923048924 90.06199011905042 128.25137407880845 68
0.127471216146525 90.06136272899722 128.2513737696286 70
0.1274716085869459 90.06164094873502 128.2513739912588 72
0.12747134079861236 90.06174597895827 128.25137406869501 74
0.1274712453744482 90.06207149908114 128.2513740549219 76
0.12747109224528014 90.06198751168715 128.25137409177535 78
0.12747125480423827 90.06188774217121 128.25137409390035 80
