0.097 75.0 102.57070199260771 0
0.097 75.0 102.57070199260771 5
0.12298017244517605 75.00000213707716 119.44409595790117 15
0.12117491152206121 75.00000255348314 121.47058149600366 30
0.12145223950197512 75.00000302404769 121.52241305663227 40
0.12145301462713225 75.00000413579802 121.52241352763089 55
0.12254317446086764 92.01218167576955 123.26635052366642 135
0.12234482985008702 89.87859167799874 125.55671685227698 155
0.12236144769303496 90.00842205604624 125.56864229808183 165
0.12243467245324119 89.98251448289345 125.57979813326138 175
0.12242588245266502 89.97131704914644 125.58010002714475 185
0.12242555402389028 89.97187828100407 125.58010064472606 200
0.12242555666023631 89.97188168019093 125.58010064466451 215
0.1224255566603245 89.97188168005428 125.5801006446645 225
0.12242555666032623 89.97188168003632 125.58010064466454 235
