0.084 115.0 87.5294231561984 0
0.084 115.0 87.5294231561984 5
0.08370505633305994 114.9999993312636 87.64026884543982 20
0.08379719893930178 114.99999896105363 87.6646768547502 35
0.08379608811419198 114.9999980600253 87.66468053435443 50
0.08463556678605455 113.29991566384676 88.9360812996753 105
0.08443564404659437 112.53265377108346 89.55384061447987 115
0.08410319461117384 113.30918665022571 90.20916056429095 130
0.08393919556889061 113.59627501287467 90.42002772758254 140
0.08382668962123052 113.73230002094219 90.511010709912 150
0.08362317096792451 113.68779105002042 90.626415381024 165
0.08365153166802423 113.50021248201028 90.6757913460575 180
0.08364771020387643 113.5056310635618 90.67588233388523 190
0.08364762455243548 113.50550178114091 90.67588237327271 205
0.08364762449291895 113.50550186839396 90.67588237327097 220
0.0836476244929156 113.50550186839361 90.67588237327097 235
