0.113 65.0 102.1474670039805 0
0.113 65.0 102.1474670039805 5
0.12464020878815361 65.00000592687516 110.58486666181271 15
0.12339881896670064 65.00000573650424 111.64590323125411 35
0.12371928402210182 65.00000581464498 111.75104403197241 50
0.1237536956779825 65.0000058262403 111.75225496382339 60
0.12375402480362746 65.00000582930137 111.75225508035001 70
0.12375763523088222 65.00572066734124 111.75227235065711 125
0.12237320995975492 78.94016900345976 123.99384730221509 160
0.12803236862453338 78.9401758521151 130.6309839058089 180
0.12798149651202986 78.94017564014695 130.63642453750367 195
0.12798525850284004 78.94017534808059 130.63645953672932 210
0.12813747491168748 77.40301467827794 131.6946532939348 270
0.12804394511099088 77.67979292757117 131.76649457586 280
0.12802165042505567 77.66026689512896 131.7677120741472 295
0.12802073556666466 77.66017725218644 131.76771362836138 305
0.12802073582780543 77.66015655709147 131.76771362866114 315
0.12802073582893156 77.66015655724954 131.76771362866114 330
